-3.250646277357892444e+01
2.077125896044205788e+01
2.894045425358822499e+01
1.838854364719074752e+01
-4.558521207933051045e+01
2.588901623585261902e+01
-2.819779045578787091e+01
4.714682791304976206e+01
3.217903924973776952e+01
8.276827849434765483e+01
3.088368717599786351e+01
-5.005613987956603950e+01
1.308882184569401375e+02
-9.790381954789872054e+01
-1.727888183063648242e+01
-3.612956179595593653e+01
4.244272008649422645e+01
-3.407106586054162989e+01
2.705038952165041621e+01
4.598218503694967296e+01
-4.149712165818662157e+01
-2.875593640180123600e+01
8.065994927715973972e+01
-6.013458964245914018e+01
-2.004351718407628269e+01
5.260789917969313478e+01
-4.295277652278506508e+01
-1.808375940196419407e+01
2.958542978869511941e+01
5.544834231389903323e+01
3.034016447773731429e+01
-5.307799892128575436e+01
5.569817273364640897e+01
1.218574138877027764e+02
-2.431867342335572246e+01
5.861831301212689027e+01
-7.210080665042401904e+01
5.860629164278667247e+01
-2.737631263510864699e+01
2.179237531667521566e+01
-2.947582902291327045e+01
2.316988923914814080e+01
-1.270008356127540594e+01
2.926427964742694598e+01
-2.470822506859458656e+01
-1.464193149882198597e+01
2.908286861500772247e+01
-2.434747422266243078e+01
-3.194807398597964720e+01
5.032366870569227757e+01
