-3.264763947606193284e+01
-6.789029760567636629e+00
3.997026180524235883e+01
-2.648500859706731703e+01
1.723567438044202049e+01
1.755611731682465404e+01
-4.191135410378499415e+01
-2.458618360132518177e+01
-1.143725606658222738e+01
4.033811380282674008e+01
-2.620299017683352716e+01
1.125625690229673292e+00
-1.147846431775658615e+01
-1.930884449849044415e+01
3.519516711210778226e+01
-3.287012985227117667e+01
-1.564765084026443098e+01
4.835488920403894042e+01
-1.674789928889168067e+01
3.581704880862258022e+01
-3.700250364465124875e+01
-2.298451372487875233e+01
-4.556100877665181770e+01
-4.905673110813206961e+01
4.185993733720770393e+01
-2.715436492443730998e+01
-3.331288626498691485e+01
3.986477407243202720e+01
-3.723199538281174625e+01
1.470886393966941164e+01
-6.992585711956201600e+00
-1.678474426544900311e+01
1.583503415074605591e+01
1.466377407773259378e+01
4.461006857697539374e+01
-5.372593810833390648e+01
-1.592070543658306470e+01
-3.453267315899179124e+01
-3.038660606343721682e+01
1.144800757650148881e+01
-4.654567935593736649e+01
6.724826650829601249e+01
1.230154559384627078e+01
-3.251211802822813013e+01
-4.078664608932111690e+00
1.026424499273182889e+01
-2.333975334889136732e+01
-1.143852041808021980e+01
2.681588417109181677e+01
-2.049121528140668858e+01
