5.332083373212743282e+00
-8.649563356764383926e+00
-2.720940636084795017e+01
1.096341215491520060e+01
2.274806810613154795e+01
2.536294227997118966e+01
-4.956818772232906012e-01
6.414582713299163075e+00
8.575718034015395119e+00
1.954744509433424682e+01
1.844328101049041635e+01
1.426201085028667315e+01
1.145122974813447314e+01
1.231758470338753186e+00
1.609338747723287710e+01
4.747777725678280270e+00
-1.780376336185350894e+01
-8.186652976849741137e+00
-8.858570179533268529e+00
-1.348785398289080639e+01
1.202013090567583120e+01
-2.240792493324219148e+00
2.457133872614685899e+01
2.192969930696987646e+01
-2.383830754711238242e+01
1.817189071161791514e+00
3.733174376728839228e+00
-1.563162734771802675e+01
5.622757688882796145e+00
1.015456665879359122e+01
-1.142267067318695517e+01
2.555971840268434647e+01
2.474574232331331558e+00
1.854382580452998752e+01
-8.552246348278398358e+00
3.001688857329237692e+01
-8.103146704112281995e+00
-1.973889961327830633e+01
3.749582735636026598e+01
3.333470303180936067e+00
1.318188706717734782e+01
6.017003488774345321e+00
1.433958575095607380e+01
-3.322056693738790756e+00
6.434889993437266753e+00
1.381195730170010805e+01
-7.898188162526841971e+00
-2.058907267457558632e+01
-2.236071288392741252e+01
-1.320715062673647822e+01
