2.721745635983711509e+01
-3.403232673585725365e+01
4.966463329708885510e+01
-5.736850021046379311e+00
8.685286047929562159e+00
1.317048472426421313e+01
2.343335230394363933e+01
2.341504007967113665e+01
2.542494660537824203e+01
-1.335870430712294699e+01
-2.625183651379289529e+01
-1.376485756816715700e+01
5.570527289772726931e+01
2.150093767331214423e+01
3.549558466717569161e+01
-2.396318112048232152e+01
-2.055150261715374427e+01
-2.983323139515330524e+01
-3.156950753779961616e+01
-6.105252159168853865e+01
-1.107006583664389154e+01
1.423776012711358696e+01
1.530684379525023431e+01
-1.902068571909542527e+01
-2.204943955456121785e+01
-1.988490340062692496e+01
-1.333864144106063421e+01
5.941432704849730584e+01
2.406057330373685943e+01
1.940157698173958067e+01
3.461353444194729434e+01
4.403700419270024469e+01
-1.481072721892745747e+01
-2.666069352195403397e+01
3.185762770624805640e+01
-2.400678023538702988e+01
9.046118778126491122e+00
-1.343489896842028841e+01
-6.119112989670193237e+00
1.072742744479704058e+01
4.510643293833204837e+00
1.743890233278899027e+00
1.077828760353870585e+01
2.433474739033271383e+00
1.605796668881828282e+01
-1.526004652431717545e+01
-6.624783696267480870e+00
5.712209404187034600e+00
-1.523091161603913868e+01
-3.939667185766058566e+01
