1.731929366236727219e+00
3.331976432600308158e+01
-3.306493625002686176e+00
7.305942985792848177e+00
8.524277328153043953e+00
-2.688060747498817449e+01
-5.047025903449402939e+00
-6.865629483430005564e+00
-1.607477596929207664e+01
3.597878883193154564e+01
1.944442146272426797e+01
-2.469599913013117387e+01
-4.745160288316399466e+00
1.244839268801787746e+01
2.108573293445399699e+01
4.411986204201761019e+00
6.565272996676654316e+01
-1.807909460771823618e+01
-5.120435480854341392e+01
-7.020483118795724842e+00
1.402881985097385176e+01
6.837068362083607909e+00
-3.077861802087081600e+01
-1.810821004913812615e+01
-1.302415058809249260e+01
-2.481091834533680895e+01
-1.270881810962828062e+01
-1.861911533753209724e+01
3.596554939290494701e+01
-1.062227251040014941e+01
9.201061523690567512e+00
1.302403391972394431e+01
1.009553186463311647e+01
7.302272165026332473e+00
-3.134387779761535953e+01
1.835745255130874654e+01
5.557311675787040883e+00
1.083185366621021473e+01
1.292443996933211814e+01
2.093739506218633295e+01
2.868942184640180670e+01
-2.219283451501532056e+01
5.538987378383311011e+00
1.388908940929466596e+01
-4.076505408991407009e+00
-1.540211521467520051e+01
-5.854157000877656891e+00
-1.960900724804890416e+01
-1.756581111486287483e+01
-3.006872327993869387e+00
